-6.572963443194437261e-01 7.254945333586257927e-01 -7.984261817619701940e-02 5.576027614883500433e-02 2.150853996892939657e-01 -5.717584473462604400e-02 1.816802499916645164e-01 -1.899089832855057128e-02 1.930138682235790770e-01 -6.343678930130074167e-02
-6.335854497386139705e-01 7.515841157345525270e-01 -9.049931094192627257e-02 1.359593284364701560e-01 1.378056281545305684e-01 -8.597016403106567950e-03 1.221735141692298771e-01 -9.292842774397672145e-02 2.465447738034917680e-02 -6.025775252747842675e-02
-6.907405400135425699e-01 6.982050017331296043e-01 -1.784728861961434043e-01 1.798566957597630689e-01 -1.893855363686822169e-01 -2.553497873848606728e-02 1.438193801932658999e-01 8.172030046701600492e-02 -6.163037187160815694e-02 -1.764260774071617910e-01
-8.631124566449464020e-01 3.539322794809020012e-01 1.274786321034789525e-02 -6.507527105912255805e-02 -1.070157304320399211e-01 2.968552378093606281e-01 6.631163257680773235e-03 -1.490665328879678675e-01 1.208608985861718034e-02 9.343473737225878317e-02
-8.100791827851284710e-01 4.931216648442035000e-01 1.324881741583462495e-02 6.801637144466725349e-02 -1.122074347610559492e-01 1.705746973918848552e-01 2.065942380777018861e-01 -1.445060348041616594e-01 -7.105498018196168553e-02 1.683244445726910510e-01
-8.489153962638942286e-01 4.465927171099082216e-01 2.800150112669693159e-01 1.257519566122846516e-02 -9.201652664547319005e-02 9.077087269703368322e-02 2.383921690733297183e-01 -1.630291240255563323e-01 6.971159243511539094e-02 1.200344112935167011e-02
-8.455520240631893003e-01 4.315074935211337115e-01 -1.512835646744536411e-01 1.029055802198865083e-01 9.804250188146232392e-02 1.308867593298092546e-01 1.768446184801079901e-01 -6.319812411906568228e-02 1.323980516383899686e-01 -8.479902958224642961e-02
-7.627697941931586012e-01 5.725267241495426429e-01 1.301775074775761154e-01 -5.011577656895940119e-02 -1.883027144240852768e-01 7.630935831851039242e-02 2.191190019768250730e-02 1.192146138228992319e-01 1.000784484266904056e-01 -6.697661766256764182e-02
-7.694121525161387032e-01 5.971995372792390233e-01 2.317552277852141795e-01 -1.199113851671875092e-01 -4.024269532939922511e-02 3.377197101838636667e-02 2.740054935231369115e-01 -1.064726765178004714e-01 1.205393111346116097e-01 7.817606765806586755e-02
-7.984164459827565175e-01 5.706891133302768315e-01 -2.115079991510866383e-02 -2.868680121299280184e-02 1.572886816193344306e-01 1.505824826762028057e-01 1.123575666654955535e-01 2.487304899916505455e-02 -4.054347310677428040e-02 -8.661704287104331212e-02
-7.716093421290013410e-01 5.832446072650276925e-01 1.308236354581227279e-01 8.888602645016895065e-02 -4.963635887136015785e-03 4.450673939996160899e-02 2.856009132889736901e-01 -5.184742379969137921e-02 -6.120944695163591659e-02 3.534308841314330596e-02
-7.824998766274017248e-01 5.658162059520732701e-01 5.425810463254873012e-02 -6.135327888023422299e-02 1.367952658211752659e-01 -2.193278943486412502e-01 6.146175074599608684e-02 -1.065804348828860715e-01 3.931076610569131380e-01 1.706830813995129092e-02
-8.705014519374377757e-01 3.886932791994545666e-01 3.345281987098276399e-01 2.408810563405608396e-01 -1.362797807473699052e-01 -1.264623953201512996e-01 -6.737123725091044568e-02 -8.677423386340193945e-02 3.537621255992215996e-01 1.178272893058545656e-01
-8.314157019930051851e-01 4.242215486949093006e-01 1.775492691878335916e-01 -4.196799525004735187e-02 -1.897957059617158548e-01 -8.941023467203934594e-02 -1.141280551104566221e-01 -1.107455257553096178e-01 7.633475313389724570e-03 -1.576476502873284669e-01
-7.994034729550746343e-01 5.051009911190523782e-01 3.264831462501124881e-02 6.446444085034051807e-02 -1.313844193272316052e-01 -6.834515547646406730e-02 1.206871469216917910e-02 -2.607316156119875994e-01 -1.213127512831611993e-01 -1.133872415980940879e-01
-8.978841748344721374e-01 2.836410916267177451e-01 -8.241913030407028995e-02 1.361362721469307480e-01 -7.820199082648490382e-03 -1.076383737138552898e-01 -6.378808621499761078e-02 -1.829361053291126901e-02 -9.268206307517391773e-02 2.062392636323741868e-01
-7.711505788878966206e-01 5.721428214608665908e-01 -4.351530300824246050e-02 4.926861785359092083e-02 -5.516181422737161805e-02 -3.336721179100610168e-01 -4.778543815097183872e-02 4.847099920029732112e-02 -4.760805618855049048e-02 2.653545452201647517e-02
-8.132589356335940822e-01 4.304624017470993214e-01 1.711836896168726085e-01 -7.470555696421574306e-03 -5.874997059216491291e-02 -1.303445317596402253e-01 -2.668927844801934346e-01 1.797754949583072609e-02 6.995041573070091834e-02 -9.467074083515217287e-02
-7.748254117996958845e-01 5.457648676141962918e-01 8.360768844501363650e-02 -9.748566067045974504e-02 -7.660380812106094839e-02 2.629875471144823007e-01 4.696107404891497646e-03 9.630536494056618491e-02 1.488425957595631288e-01 1.492974393670565558e-01
-6.897764820734110236e-01 6.917687754324595151e-01 1.164591235978454514e-01 -8.050569465182157158e-02 6.665496402586390534e-02 5.096237494199343937e-02 8.323982636654753825e-03 1.575584869297909918e-01 8.702009801309559811e-02 1.025589297775146291e-01
-6.347067266329098345e-01 7.382449973991835890e-01 -6.320384892164929158e-02 1.939247421435753294e-01 -8.721648050113789408e-02 6.394638652046635841e-02 5.330224685452221445e-02 1.929816371679696496e-01 9.831855629037546118e-02 2.074445491228004701e-01
-7.846788868136278516e-01 5.624830989547627835e-01 -1.439736858837211975e-01 1.408541468401761643e-01 -1.518575735660893655e-01 -8.270919639003786183e-02 1.186600369684561035e-01 -1.358272316914906908e-01 -1.344237959115437975e-01 -3.919993871189159096e-02
-7.670640897609357634e-01 5.793069970141637715e-01 4.380853465171710703e-03 -2.932082000458532955e-02 -1.568508949919818207e-02 1.945486858574153599e-01 1.286906093940402562e-01 -1.480107169869681605e-01 -9.591792595468970339e-02 -1.228230823928649351e-01
-5.490568841641708664e-01 8.127769359030104779e-01 2.234024756707421733e-01 -1.615415546893932408e-01 1.882203474207200244e-01 -2.851619402769874773e-02 2.315220717331578915e-01 -8.300068683303193917e-02 -4.533676671921269973e-04 -2.364118199293276656e-01
-5.668724701339292738e-01 7.845734268741605399e-01 1.908512144523016527e-02 -6.459363253992035821e-03 -9.275007536628454563e-02 1.230389415038925793e-01 2.401199165169834449e-01 4.971817105463874342e-02 2.971205669526607029e-01 -5.728190457138705033e-02
-6.874738105950506384e-01 6.875169707490754734e-01 -1.517381994566167382e-02 -1.015637108790899135e-01 6.710418376982739408e-02 2.859252298207527465e-01 4.399059901488264548e-03 2.724166117602781333e-03 9.618205798847671850e-02 -1.271211957228937373e-01
-7.855992219463604487e-01 5.651571062507710907e-01 8.633265087647108704e-02 9.580113377893315074e-02 -9.458581545104066679e-02 4.026567672895371985e-01 -2.065022309544511103e-01 -1.467927582717253876e-01 -1.800932903139562322e-02 1.579448076224395370e-01
-8.708879158407968335e-01 3.699920198411604244e-01 6.804472596717178745e-02 6.297044762366049708e-02 -2.776587670612445380e-01 -6.774808188359754402e-02 3.777799504355372484e-02 -1.806245924035222994e-01 -4.872562742900811428e-02 2.092526121945049167e-01
-8.162809861266153710e-01 4.965511201994928236e-01 -1.126418374288569446e-01 6.515950123863580024e-02 -1.833382073210302332e-01 1.214364584335967355e-02 6.727748039895295462e-02 -7.134755871353523626e-02 -3.074568560169933795e-02 -4.752909954436448231e-02
-7.557333914489849924e-01 5.723117160861582731e-01 8.117559871195786925e-02 6.292298456478019608e-02 -8.959146256711011946e-02 -4.855957980722129530e-02 7.413632903047248646e-02 -1.717659114132685794e-01 6.075652943571402398e-02 -6.358263008216026232e-03
-7.288906498148678414e-01 6.265392006915379008e-01 1.601168530792287659e-01 -1.376848133360541737e-01 9.951112944695723883e-02 1.249509212625869448e-01 4.878671854655601547e-02 -2.618999784220761851e-01 2.301891832001917992e-01 -2.228704829325577341e-01
-6.054079655027667650e-01 7.437880108659221667e-01 1.048715083382203428e-01 -1.444314290729138694e-01 -1.143537887626516064e-02 1.147734965462471612e-01 -1.210694857621112952e-01 2.174727658022464899e-02 2.875668746785817742e-01 6.211211825133270553e-02
-6.804236463379337296e-01 6.982035179385046586e-01 3.290159626826771877e-02 6.703598794060977584e-02 1.153592183404961169e-01 9.644150092709335986e-02 3.318606000427631875e-02 -2.548888150251038542e-01 3.684757659345275771e-01 2.984597013180418507e-02
-7.425428556972206717e-01 6.051579076814306291e-01 2.760542187883985657e-02 2.222920059044320162e-01 2.963108686619857490e-01 -1.534255781824025167e-01 2.688599892673745329e-01 -1.939690159341387610e-01 1.266954846561094694e-01 1.203952298013062777e-01
-7.842571449490369773e-01 5.373033934751101359e-01 8.150204840707410414e-02 1.410767005709282207e-01 3.442321396766169863e-04 -1.339238578667801584e-02 -1.399922565772432348e-01 1.480853911779036192e-01 5.798810356823128932e-03 4.521850893307691882e-02
-7.963618938310907946e-01 5.217365512425718999e-01 1.615088029425482685e-01 -7.559490765029365511e-02 -1.983289663698641625e-01 8.171223285098636047e-02 -7.792569606556927486e-02 1.065406948032552176e-01 1.683195745663074172e-02 1.526399124601619528e-01
-7.948529229793617201e-01 5.205345241532085554e-01 4.887660366908413295e-02 6.424361060131809908e-02 4.583587812383696503e-02 8.807495745796788122e-02 -2.343757459798397058e-02 -1.788596419162086781e-01 1.348805591337871590e-01 1.006768441690075039e-01
-8.708608332366869487e-01 3.181800805136878463e-01 5.437453754016115248e-02 9.106899933011825682e-03 -2.534685346852146859e-01 1.808771364801396997e-01 -1.372981626017718837e-01 -2.437087358915087376e-01 1.049454832367091028e-01 1.978173843326576919e-01
-7.537352645385491101e-01 6.108857783111152351e-01 8.190408940283869232e-02 -4.733052290969205073e-02 -1.120869666335053416e-01 -1.598532284435217818e-02 -2.732623684724891922e-01 -1.412418628891912165e-01 2.239803437923479079e-01 8.033874534489014729e-02
-6.796674962306508139e-01 6.620163195203581097e-01 -7.624103103613634469e-02 2.220557475168974046e-02 -1.634375244742099498e-01 -2.161999330818504261e-01 -1.575496708466873341e-01 -1.708611735940763765e-01 -2.611151987241067032e-03 2.560306400289566464e-02
-5.372615800264298747e-01 8.024335102011677101e-01 2.425970392903338546e-02 -1.233319880136929808e-01 -1.880206138055361687e-01 -2.413431957860426025e-01 -1.807256563170367980e-01 3.555146986346310184e-02 2.816039635922872389e-02 6.059655351844980831e-02
-8.084122662194543896e-01 5.065437428996870661e-01 2.452879819012662999e-01 -2.059720462820359976e-01 -6.923482165521813170e-02 8.447874654420606255e-02 -1.497748687325362038e-01 1.241649507407738551e-01 -1.160591408352803222e-01 -1.311494948693845419e-01
-8.187867947150004877e-01 4.707302854213104015e-01 2.778411997618273482e-02 2.329266424606920294e-01 -7.109509858350093747e-02 -8.692627758193715790e-03 2.413128015438383012e-01 3.548224946783497518e-03 -5.504703217576676494e-02 -4.117484750651627390e-02
-7.604993357180428459e-01 5.686168445681423211e-01 4.100767312027615852e-02 -5.842566134135078471e-02 -1.890300202565208809e-01 -1.137328433978691128e-02 -1.518342754518309592e-02 1.076409541336885850e-01 2.580457425026973922e-02 -8.527159345985411976e-02
-8.298620727479748549e-01 4.485823335662079692e-01 3.647743413959130682e-02 4.001049632365372144e-02 -3.395938316205732860e-03 4.619087898123899055e-02 -4.839815368614064361e-02 2.341087238492483846e-01 4.039701468641088145e-02 -6.767177272329502613e-02
-8.003574577041145943e-01 5.495078511405766530e-01 -2.084417126844570131e-02 1.197365038225781109e-01 3.407972398585449314e-01 -6.170819448459299340e-03 3.758250628885964010e-03 1.379166386728973015e-01 1.119466416895036204e-01 3.961793993780974958e-03
-8.416172467016637126e-01 4.623003421052250261e-01 1.907797006210937502e-03 2.522521673646531126e-01 1.944152590189816565e-01 1.631166042376682723e-01 -6.296864370043184223e-02 -7.132143265227652851e-02 -1.812327547444742004e-02 7.839849879440176361e-02
-7.831548578597627985e-01 5.365766693679473454e-01 -9.376149442876163809e-02 1.035871504181490876e-01 7.800482882392868744e-02 2.839101432067986930e-01 -1.040770141009045580e-01 -2.457005531105816432e-01 2.689887993691964518e-01 2.219822703474707074e-02
-8.315952722445008050e-01 4.791304105371950173e-01 2.021966547673331449e-01 -9.767140839088632454e-02 1.079686065622361205e-02 2.122395889066265029e-01 8.307611219153121507e-02 2.017765083626054390e-01 1.101433105110758044e-02 1.929474281714391448e-01
-6.610051776732369655e-01 7.213928940087523944e-01 1.808687948079549341e-03 3.536526152109784049e-02 2.862064002196782961e-02 1.307072967389110996e-01 3.971430279676137903e-02 -6.757982693716779732e-02 1.754883634092274658e-01 3.951680293189529375e-02
-7.416537222971538723e-01 6.273832242455870123e-01 1.080604401271355458e-01 1.303086853403537804e-01 1.362459599321612924e-01 1.082205246922814806e-01 1.479097489853380409e-01 2.340028392624349529e-01 9.236650924327881318e-02 2.153919917840676004e-02
-7.875811256658737936e-01 5.312301016657613451e-01 -2.283420324180635008e-01 2.393248979573336932e-01 1.775325344741134070e-02 -3.944094314927082401e-01 1.406421756757533226e-01 -5.242401483716923824e-05 -2.200624736007695259e-01 2.121799269082511041e-01
-7.481358655165332161e-01 5.922442886753718216e-01 2.252855397404714480e-02 3.008378198516892255e-01 6.373050588357717650e-02 5.894975472054704568e-02 -1.261734616699105027e-01 7.759943168210331997e-03 -2.988113902079438389e-01 1.160607140936590204e-01
-6.935208926698034348e-01 6.801571295929805805e-01 -1.687470266550488152e-01 2.428387397826347327e-01 2.402569122886984154e-01 -2.453073558627133152e-02 -4.645062189469064545e-02 2.780223025088221847e-02 -1.331950085512224324e-01 1.812789528277971574e-01
-7.782892000116651277e-01 5.721017435719234490e-01 -8.482160526742114903e-02 8.120190577176601698e-02 1.605881906469795728e-01 1.005544179106557801e-01 1.459548858947783412e-01 6.399604652217615042e-02 -1.246623867453563045e-01 7.899460262130213184e-02
-7.733653297039730923e-01 5.921086018372522242e-01 1.066057486527424852e-01 -9.000496914613411240e-03 9.388878476930179184e-02 1.309759804133048822e-01 4.689290279513662063e-01 1.430143931104165544e-01 5.802397321949743364e-02 -1.428534158329114179e-01
-7.978838768671665527e-01 5.860993209080722632e-01 -2.826951290167895384e-02 -2.330652269286233036e-01 -1.522502022282012923e-01 2.257750230916069634e-01 1.271762351781942184e-03 2.181982007600397344e-01 -1.179732215368049786e-01 -1.876731707314772679e-01
-7.542126746690410721e-01 5.557305620629234832e-01 -1.769593702977478034e-01 1.123036311308456964e-01 -2.118557113708830625e-02 2.100897196162191949e-01 -2.978356829207506329e-01 1.192609207153768891e-01 -2.220981917495697955e-01 -3.376095940013027624e-02
-8.153813461273156094e-01 4.529800363555479548e-01 6.107501744751496486e-02 -1.028733000149307381e-02 -1.807099623759786389e-01 2.755042111197645860e-01 -1.970755861791325947e-01 -1.919012676841738794e-03 -5.929474971565548008e-02 1.412317627046882351e-01
-8.257906857848510418e-01 4.580697295038351213e-01 -1.625954219875548334e-01 -1.543275294946170606e-01 -3.170307240213179455e-03 2.093952031106536271e-01 -2.456420420272941441e-01 -3.585917360616545646e-01 -4.354434219412388340e-02 6.558459485499228137e-02
-7.949685814118970795e-01 4.991189728301625994e-01 -7.237596887042097027e-02 -3.235115996843710429e-01 1.451784923431685137e-01 2.871591527293194668e-01 3.914124423823031607e-02 -2.839733123607633414e-01 -8.117039826213907124e-04 -2.274139693939981194e-02
-8.348127556438804664e-01 4.317394366362398150e-01 -8.566080444569858232e-02 -1.940315076618931434e-02 -8.035261792170783623e-02 2.666852718275376510e-01 -2.690546034912524309e-01 -8.520295343427609913e-02 -6.617131364349533584e-02 1.225277248174593686e-01
-8.202423866236309147e-01 4.449097363072623268e-01 6.829172773128243390e-02 -1.160166786499355757e-01 -3.203483233284653564e-01 2.009019876255023207e-01 -2.431418526250531953e-01 -1.233678074394360114e-01 1.215517120499064602e-01 -1.604356188174000386e-01
-6.731774243850817685e-01 6.780388067725506840e-01 -2.667554785415481369e-02 -1.159716814786398986e-01 -4.896045747166436618e-02 1.954011308543953107e-01 -1.325871022409963185e-01 7.971321147756260661e-02 1.346560791093637244e-01 -5.620442164682234315e-02
-6.739895654790086788e-01 7.209766602988842976e-01 2.878021697426295100e-01 -1.366907757792506228e-01 -2.017518209252930073e-01 4.040912400776833779e-01 6.603429814119483876e-02 1.807076150312812157e-01 -3.127770410037879201e-02 -2.821379573251774908e-01
-7.777326018597705559e-01 5.616221513148872413e-01 3.837466820104535464e-02 -8.937456721656385217e-02 -2.032573859447910358e-01 4.284137587619092913e-01 -4.775147024155149827e-02 1.907831545985765320e-01 7.780874728905103066e-02 -1.079032030744013770e-01
-8.162738444647401614e-01 4.872658051374769705e-01 -1.137219486382815004e-01 -1.516544227141357615e-01 -2.682026831506773568e-01 4.649473530939078891e-01 -1.796059376043865896e-01 -2.232406896229577678e-02 -8.095682952758870288e-02 4.790021841028051230e-02
-7.778585943843024930e-01 5.676621400635504244e-01 -7.131876912482076891e-02 2.597182332091916082e-02 6.371635201206043986e-02 1.851262857877566670e-01 -1.848104428680434896e-01 1.634197810243825655e-01 -1.443475061765566170e-01 1.713638461993736983e-01
-6.603097942043514301e-01 6.919787815202540493e-01 1.814762332718068971e-01 2.403104792540775858e-01 1.642221257555031289e-01 1.059449801342855491e-01 -2.164919791349526335e-01 1.790055724532882697e-01 -3.281723146598719554e-01 -3.496667961422889048e-02
-5.787391695823320692e-01 7.862171393190779956e-01 2.000593915598113948e-01 6.134358634716216563e-02 2.769954092246053601e-01 5.610575442518779543e-02 1.849365329941971003e-02 2.725987204555335719e-01 -3.128645491311755900e-02 2.059943731688828605e-01
-5.878682683357955296e-01 7.822476999664077502e-01 1.869530164051556587e-01 1.523554700691143182e-01 2.060317368570920293e-01 6.261929386848296515e-04 3.768066051780736420e-02 1.588124317730781609e-01 5.512489845185865323e-02 1.274767801702653136e-01
-4.561943817684255831e-01 8.599751017946239973e-01 -5.508093472392657647e-02 -8.116422750393778585e-02 3.913122134964603926e-01 -8.422030386985891737e-02 -1.152766488277002233e-01 1.733159172039135942e-01 2.750413411212151993e-01 -6.602948043766057595e-03
-4.709506197979286823e-01 8.458533101971174029e-01 -1.547007304910652803e-01 7.919252852325928127e-02 -6.600940446583752202e-03 -1.604717168759226820e-01 2.654073176823435951e-02 3.348958592720649441e-01 2.586771189585129749e-01 -1.895015230329845368e-01
-6.850479889119279742e-01 6.844707395696462138e-01 -3.755733753579795775e-01 1.248898903502599772e-01 2.421328240023557510e-01 3.106857994624571268e-02 2.065155189227664556e-02 7.345556530182710542e-02 1.107077836846250551e-01 2.149980802346713460e-01
-8.010616659629655745e-01 4.764508297255624636e-01 -3.632512776867620752e-01 1.208938858988734127e-01 2.462719819642162078e-01 4.408503239185134620e-02 -4.088256251941446706e-02 2.144463108867751822e-01 -2.563244899833703183e-01 1.225261001992040966e-01
-6.345409275327946741e-01 7.444099886193972226e-01 -1.645205902186738234e-01 6.122207009230341140e-02 1.006099164657448669e-01 1.720496638268234901e-01 -3.123884736302209517e-02 1.934180337719891840e-01 -8.958598784128141146e-02 1.178760228954997963e-01
-8.491484790150757300e-01 3.795518933588988286e-01 -2.381250391627927065e-01 -1.121277041952398190e-01 1.814945716784293617e-01 -1.888067330316655079e-01 4.084043910461262333e-02 4.202513532145792097e-02 -5.256330564466196037e-02 3.067340224616149635e-01
-8.274405272350215945e-01 5.078444396330831223e-01 2.561677453931031356e-02 4.947293107474363960e-02 1.011583817898547982e-01 1.170274095355140487e-01 -5.152588689346223813e-03 9.778975230429073039e-04 -2.444300101039760705e-03 1.914061380496684672e-01
-7.591342642913632144e-01 5.967755030558092866e-01 7.346863415743445924e-02 -2.526611454814581270e-02 -1.512517026776614981e-01 2.499835906387354034e-01 -8.366816060132227506e-02 -5.346496241454460480e-02 1.515926235169910430e-01 1.082615159939929600e-01
-6.897348019343859660e-01 6.757034601225356818e-01 1.059869388651417249e-01 7.564430697704256634e-02 -3.068139642664535760e-01 1.441247163880423621e-01 -6.976513385569700632e-02 -1.122907696665427085e-01 1.362666370339285678e-02 -1.012022804591797970e-01
-8.264032993849276254e-01 4.958454758995563538e-01 1.084363083965460967e-03 2.232642797823821967e-01 2.191122898983761339e-03 6.315921294074840209e-02 -4.555223928127292293e-02 -1.239964731774333001e-01 1.345934344038380859e-01 -1.671447347087575419e-01
-8.699179894789060841e-01 4.165247037161793897e-01 1.205807749928595185e-01 -2.145056555242907947e-01 9.265285198629463759e-02 -1.157022617284226701e-01 4.357540946770269152e-02 2.349848935554432749e-01 3.126088006171629519e-01 -2.611193527069019527e-01
-7.811029076155175943e-01 5.254021040403351606e-01 2.459198907601783252e-02 2.915220212361670574e-02 4.938513514558921791e-02 -1.733314083734263655e-01 1.055614382009519986e-01 2.366833014820159120e-01 7.073290695235516512e-02 -4.837442362532656248e-01
-7.019369574226602682e-01 6.587275176830544865e-01 2.751159112251193133e-03 2.616076580055224504e-02 4.072512587096054071e-02 -2.821401470006141832e-01 9.377749037395143733e-03 9.760220590277873809e-02 1.749321401297629919e-01 5.390749760310276084e-02
-7.645739948744335601e-01 5.487115307531570396e-01 -1.743871751857614324e-02 1.479571543201806116e-01 1.912617389927258882e-01 -9.610695713976746823e-02 -3.929316288848894168e-02 1.092569398939482184e-01 -3.717113808521852955e-03 8.695289977023122618e-02
-7.280100269351863496e-01 6.424895006535126241e-01 6.982907962461348816e-02 1.547685645752047701e-01 2.400841500825766917e-01 5.596678815238568389e-02 2.111807617730009426e-02 -3.221974203628238248e-03 3.412678421478532870e-02 1.759891877300877039e-01
-6.822392651976915134e-01 6.948861438601882101e-01 9.189703589762648894e-02 -1.623681695701284511e-01 -1.132160655253674902e-01 1.390208799949639029e-01 -1.032623582933762940e-01 1.201039951750042245e-01 -1.514891852097124958e-01 9.316355063931387737e-02
-6.882543591880651013e-01 6.684966382514165861e-01 -3.897923238077249941e-03 1.439933120320301962e-01 8.296917276261751850e-02 9.261812955745046816e-02 -1.757186007933181082e-01 1.884000914724154041e-01 -1.850323334262744535e-01 -9.573505836965760796e-02
-7.283623705861034248e-01 6.359269431362171154e-01 7.815528676523421370e-02 -9.931021068867523782e-02 -1.606818093273823652e-03 -7.243563247231966928e-02 6.818188390286353262e-02 8.829536364946220794e-02 3.015416076370517132e-02 5.432206261235202754e-02
-7.638921256021372619e-01 5.871211085296468291e-01 3.678547046802207315e-02 -1.822446580194593199e-02 -4.096479207090238800e-02 -1.483025065574083978e-01 1.498049326246763124e-01 1.455784280808384568e-01 -1.666234785402882224e-01 -2.025752454556689341e-01
-8.304932527847271873e-01 4.561424893773800004e-01 -1.682881831779650325e-02 -1.937561273293378003e-02 -4.133549605140242854e-03 -5.346010602891954760e-02 -4.407884234709694149e-02 1.323221332032731568e-01 -7.177950442552720467e-02 2.718241042112156877e-02
-8.378841127737636230e-01 4.523529924008266589e-01 -7.414181196049317302e-02 -5.754100163327569711e-02 -8.629937615716509747e-02 1.476426397877733387e-01 -4.102187840824296494e-02 2.831300905489074760e-01 -5.265785757421508582e-03 -5.016869423472751499e-02
-8.441480007025981003e-01 4.499693105976435015e-01 -3.795163587831212326e-01 -3.308715132144344762e-01 -1.063440296750435832e-01 -1.447134723227991859e-01 -7.145662317368585426e-02 1.359122512223856216e-01 -1.871390763779020444e-02 -1.660946056578568863e-01
-8.343442684404077658e-01 4.657643174844772194e-01 -1.367983321286419252e-01 -3.127853685915458759e-01 -1.034299093208356918e-01 -4.189253452230098929e-02 -2.266997850093068478e-01 8.738630239919167875e-02 -1.109262530825549237e-01 -1.793497009076564508e-01
-6.934312483451088305e-01 6.741966840047971532e-01 -3.008198400595437083e-01 -1.693747882709373542e-01 -3.927314763681039739e-02 2.878577456801417050e-02 2.274227775743086766e-01 5.215673839517676047e-02 -2.735754971315144113e-01 4.663901555509093744e-02
-6.287309177218125544e-01 7.506206412700300312e-01 -2.156944407434237265e-01 9.002190560289256849e-02 6.565895231599533366e-02 -2.176780920644292433e-02 -5.684639884977379931e-02 3.819145194521333248e-02 -2.064322448197068172e-01 -2.697080154961318393e-02
-7.591140347794944621e-01 5.702493838996103293e-01 -3.568796117532233025e-01 1.529299031184260249e-01 1.546527239882612426e-01 -2.335762884217497948e-01 -1.333309592517663289e-01 1.274204049750048973e-01 -5.254092491175588187e-01 -9.397044171054472206e-02
-8.240434266559499843e-01 4.375048787024867214e-01 -4.225525894938857441e-01 2.614313016234182663e-01 7.519002293037790885e-02 -1.529473015541928105e-01 7.112254137713805435e-02 1.981077439396515816e-01 -3.705033492014906393e-01 -1.796298107550138856e-01
-4.353821428852959752e-01 8.666043892375907554e-01 -3.475257641363164174e-01 6.752149739065690937e-02 -3.509294551621303659e-01 -6.023289744076246177e-02 -1.545409420782330179e-01 6.777937193540937988e-02 -7.465843545148038995e-02 -2.243449424112337054e-01
-5.962460275231573625e-01 7.809167803409208242e-01 -1.224714168769952122e-01 5.790865014684379308e-02 -2.461527211508580948e-01 5.982556623013552538e-02 -7.094119489087410968e-02 7.853872848819769270e-02 -2.781685003298465797e-01 -2.140398707576771087e-01
