0.487247
0.468933
0.470378
0.505697
0.511406
0.479222
0.489594
0.536105
0.491066
0.473974
0.508952
0.512692
0.4761
0.509859
0.5256
0.507613
0.5239
0.529802
0.54218
0.493368
0.513153
0.512973
0.522155
0.511056
0.555252
0.512264
0.508119
0.481577
0.501715
0.545967
0.534923
0.571701
0.502376
0.534075
0.535357
0.525913
0.528543
0.519192
0.502597
0.582451
0.569117
0.511751
0.503693
0.542791
0.498568
0.500151
0.480006
0.537251
0.485179
0.489344
0.502828
0.534216
0.538504
0.515054
0.512072
0.491349
0.444707
0.559873
0.513855
0.499309
0.53291
0.501331
0.511527
0.568275
0.448592
0.525018
0.503466
0.51825
0.567981
0.518907
0.5048
0.541803
0.552455
0.526895
0.526577
0.49258
0.515913
0.480318
0.513285
0.536022
0.486755
0.469123
0.545391
0.542966
0.552594
0.509584
0.506665
0.554785
0.521221
0.51774
0.494721
0.48823
0.482662
0.486729
0.530196
0.488463
0.543232
0.510832
0.555385
0.482256
